00000000000000000000000000000000000000000000000000000000000000000000000000000000
00000000000000000000000000000000000000000000000000000000000000000000000000000000
00000000000000000000000000000000000000000000000000000000000000000000000000000000
00000000000000000000000000000000000000000000001001000000000000000000000000000000
00000000000000000000000000000000000000000000000000100000000000000000000000000000
00000000000000000000000000000000000000000000001000100000000000000000000000000000
00000000000000000000000000000000000000000000000111100000000000000000000000000000
00000000000000000000000000000000000000000000000000000000000000000000000000000000
00000000000000000000000000000000000000000000000000000000000000000000000000000000
00000000000000000000000000000000000000000000000000000000000000000000000000000000
00000000000000000010000010000000000000000000000000000000000000000000000000000000
00000000000000000010000010000000000000000000000000000000000000000000000000000000
00000000000000000011000110000000000000000000000000000000000000000000000000000000
00000000000000000000000000000000000000000000000000000000000000000000000000000000
00000000000000111001101100111000000000000000000000000000000000000000000000000000
00000000000000001010101010100000000000000000000000000000000000000000000000000000
00000000000000000011000110000000000000000000000000000000000000000000000000000000
00000000000000000000000000000000000000000000000000000000000000000000000000000000
00000000000000000011000110000000000000000000000000000000000000000000000000000000
00000000000000001010101010100000000000000000000000000000000000000000000000000000
00000000000000111001101100111000000000000000000000000000000000000000000000000000
00000000000000000000000000000000000000000000000000000000000000000000000000000000
00000000000000000011000110000000000000000000000000000000000000000000000000000000
00000000000000000010000010000000000000000000000000000000000000000000000000000000
00000000000000000010000010000000000000000000000000000000000000000000000000000000
