00000000000000000000000000000000000000000000000000000000000000000000000000000000
00000000000000000000000000000000000000000000000000000000000000000000000000000000
00000000000000000000000000000000000000000000000000000000000000000000000000000000
00000000000000000000000000000000000000000000000000000000000000000000000000000000
00000000000000000000000000000000000000000000000000000000000000000000000000000000
00000000000000000000000000000000000000000000000000000000000000000000000000000000
00000000000000000000000000000000000000000000000000000000000000000000000000000000
00000000011111100000000000000000000000000000000000000000000000000000000000000000
00000000010000010000000000000000000000000000000000000000000000000000000000000000
00000000010000000001000000000000000000000000000000000000000000000000000000000000
00000000001000010011111110000000000000000000000000000000000000000000000000000000
00000000000000000110111001000000000000000000000000000000000000000000000000000000
00000000001000010011111110000000000000000000000000000000000000000000000000000000
00000000010000000001000000000000000000000000000000000000000000000000000000000000
00000000010000010000000000000000000000000000000000000000000000000000000000000000
00000000011111100000000000000000000000000000000000000000000000000000000000000000
00000000000000000000000000000000000000000000000000000000000000000000000000000000
00000000000000000000000000000000000000000000000000000000000000000000000000000000
00000000000000000000000000000000000000000000000000000000000000000000000000000000
00000000000000000000000000000000000000000000000000000000000000000000000000000000
00000000000000000000000000000000000000000000000000000000000000000000000000000000
00000000000000000000000000000000000000000000000000000000000000000000000000000000
00000000000000000000000000000000000000000000000000000000000000000000000000000000
00000000000000000000000000000000000000000000000000000000000000000000000000000000
00000000000000000000000000000000000000000000000000000000000000000000000000000000
